0	-0.0356900161806
1	-0.0118054567144
2	-0.0107582394644
3	0.0185566410677
4	0.0469508246177
5	0.0171313515477
6	-0.0106520301744
7	0.0047797670669
8	0.131644419626
9	0.0471857061898
10	0.133376718065
11	0.0229006515088
12	0.0728903179345
13	0.142524362133
14	0.104361469877
15	0.184046674482
16	0.117502541927
17	0.190788710238
18	0.189502987744
19	0.231993241039
20	0.199878774759
21	0.203619201263
22	0.284281188588
23	0.175552190423
24	0.256064738637
25	0.170141289945
26	0.229757982063
27	0.254751740829
28	0.291233617459
29	0.258235094158
30	0.356731458412
31	0.312323714748
32	0.290710190739
33	0.356841506763
34	0.277478087003
35	0.350115874987
36	0.404236707508
37	0.287550596829
38	0.458555229963
39	0.308219003877
40	0.37732484886
41	0.51378292321
42	0.408329735571
43	0.418646394419
44	0.373299492968
45	0.451668418214
46	0.427553817326
47	0.508692359861
48	0.475182696265
49	0.427682519301
50	0.444480168414
51	0.536413884589
52	0.583008757187
53	0.443787683634
54	0.58015422759
55	0.538552025968
56	0.548055379337
57	0.384013319429
58	0.5357258356
59	0.561797785133
60	0.605412729948
61	0.593500223504
62	0.577483329669
63	0.633171407172
64	0.571411342145
65	0.778724991927
66	0.677389224578
67	0.552679909218
68	0.592232963884
69	0.621910467672
70	0.628314111404
71	0.563349507419
72	0.638496856678
73	0.717548323885
74	0.629441375317
75	0.675097412688
76	0.724822660546
77	0.695452855094
78	0.728612965991
79	0.723439812405
80	0.772490843675
81	0.737811738031
82	0.697499254006
83	0.751583996029
84	0.799660174978
85	0.877921479243
86	0.69032259282
87	0.793857461921
88	0.702243036206
89	0.802784754752
90	0.81510625659
91	0.755391663384
92	0.769088824219
93	0.818470951688
94	0.784360142755
95	0.823445247844
96	0.800598694271
97	0.765665934474
98	0.861845537437
99	0.83181829687
100	0.870065082843
101	0.842308889994
102	0.855102644993
103	0.924934503689
104	0.899947453423
105	0.848900011556
106	0.883947039098
107	0.960447952083
108	0.802381148365
109	0.868652133417
110	0.929773154679
111	0.855923825362
112	0.837444883275
113	0.87906530704
114	0.820810734392
115	0.930761692332
116	0.996049490806
117	0.97632244121
118	0.963182803444
119	0.926971527229
120	1.02124259385
121	0.856595289123
122	0.827178801412
123	0.879642550471
124	0.889727815053
125	0.904476804945
126	0.914886799728
127	0.948862564104
128	0.934388486536
129	1.04072233126
130	0.965275595336
131	0.991729143222
132	0.976891847964
133	0.946787702389
134	0.968019056123
135	0.925609677561
136	1.04580438624
137	0.934843468821
138	0.895139907383
139	0.992651502173
140	0.967144260724
141	0.89618389943
142	1.04102253213
143	0.999994868057
144	0.894462846632
145	0.956313743112
146	0.967088000714
147	0.94142534051
148	0.984310434876
149	1.02607763998
150	1.04131898764
151	1.08703120936
152	1.01506695894
153	0.982734596702
154	1.0481723219
155	0.941408117222
156	0.896392619682
157	1.0045021633
158	0.984506415331
159	0.986991155988
160	0.99682507916
161	0.960459484834
162	0.953613866188
163	1.03518782242
164	0.951954890706
165	1.00989875275
166	0.990740767799
167	0.990955885939
168	1.02665466801
169	1.0255308473
170	1.04117485425
171	0.967828073839
172	0.934586977364
173	0.987903462416
174	1.00458389523
175	1.06929996101
176	0.927724471482
177	1.01099667441
178	0.945575219481
179	1.01501936209
180	0.996336140094
181	1.01702289277
182	1.06343932759
183	0.962024073667
184	0.969999001976
185	0.960193925087
186	0.954478080362
187	1.019369662
188	1.00129204397
189	0.997127875178
190	0.875638702419
191	0.882302302886
192	0.991357942954
193	0.901322416181
194	0.913427656424
195	0.898790706262
196	0.902430424263
197	0.908690069589
198	0.946526790179
199	0.891422348533
200	0.932964472436
201	0.964179149939
202	0.918190364649
203	0.922220064343
204	0.89598561343
205	0.842877969377
206	0.884007546882
207	0.909407264902
208	0.894499385663
209	0.941548443433
210	0.762946670679
211	0.854594964488
212	0.941816691331
213	0.871880025559
214	0.846189718592
215	0.834513863392
216	0.844458144689
217	0.808562514958
218	0.879638608534
219	0.813944530464
220	0.896156251694
221	0.790309714558
222	0.807375483456
223	0.763026455746
224	0.815514747979
225	0.761582918186
226	0.746421170958
227	0.68012992537
228	0.785632083028
229	0.822634801602
230	0.718142906996
231	0.689954132742
232	0.768113747446
233	0.771200594574
234	0.724276862597
235	0.725299450351
236	0.685788524999
237	0.712467615365
238	0.635762106125
239	0.701882491631
240	0.630238992563
241	0.701761375628
242	0.665897080309
243	0.652383861998
244	0.792932521096
245	0.587757531597
246	0.68887841614
247	0.568114828408
248	0.647859042344
249	0.643474615029
250	0.73936955382
251	0.6005231278
252	0.558308032558
253	0.545535867015
254	0.508408585256
255	0.556389147087
256	0.465901716521
257	0.553972913612
258	0.51889291143
259	0.5626777518
260	0.474688762293
261	0.513392311402
262	0.471234560105
263	0.562076865664
264	0.382917716011
265	0.437801866228
266	0.465432564768
267	0.405538099787
268	0.500172621483
269	0.351055659385
270	0.419968415779
271	0.372124999756
272	0.411560346479
273	0.434621706368
274	0.238619097211
275	0.367773679091
276	0.410577655314
277	0.366327971669
278	0.237115142572
279	0.349137899191
280	0.236128286485
281	0.317487863529
282	0.324702863533
283	0.257223354
284	0.253140376438
285	0.351637187812
286	0.370113960939
287	0.237575031736
288	0.291349570649
289	0.195093869005
290	0.288709090029
291	0.284507894617
292	0.231380053777
293	0.279619028198
294	0.139472491996
295	0.143989843201
296	0.258948391465
297	0.224462750148
298	0.147179734928
299	0.113690434237
300	0.116324977256
301	0.108351481966
302	0.130976091221
303	0.0637457993727
304	0.14450989133
305	0.0782126969221
306	0.163908781391
307	0.0410416619409
308	0.11462436551
309	-0.0419948198248
310	0.0324648828954
311	0.0879312927043
312	-0.0793114173438
313	-0.0221806848823
314	0.0304035832529
315	0.0432395552672
316	-0.0990562731723
317	-0.085248445726
318	-0.093847664728
319	0.0308054677972
320	-0.0887982649406
321	-0.178688316632
322	-0.0704819518501
323	-0.122793274732
324	-0.18932829757
325	-0.0798598695908
326	-0.098966652625
327	-0.140695624846
328	-0.135752382345
329	-0.125631707197
330	-0.205565133164
331	-0.149390154564
332	-0.14261605988
333	-0.204793119038
334	-0.151228990034
335	-0.243152358833
336	-0.218280040642
337	-0.274828729757
338	-0.232686520473
339	-0.276523360109
340	-0.319987882367
341	-0.318134987983
342	-0.326598255563
343	-0.302893790576
344	-0.277331751559
345	-0.223647772399
346	-0.299601115405
347	-0.31283906267
348	-0.318882045143
349	-0.408068130198
350	-0.362758080062
351	-0.432994281457
352	-0.40213956092
353	-0.411797661278
354	-0.357502754125
355	-0.457774481298
356	-0.433243113729
357	-0.465083578559
358	-0.525385278526
359	-0.462871097953
360	-0.333846651213
361	-0.476952279742
362	-0.466681404693
363	-0.375583351138
364	-0.441269771901
365	-0.465450900888
366	-0.43345069461
367	-0.443207702524
368	-0.572902701887
369	-0.546224736646
370	-0.570203877161
371	-0.631699277235
372	-0.548154044725
373	-0.593144041196
374	-0.527744120245
375	-0.550993195585
376	-0.572876707592
377	-0.551684706345
378	-0.595430684377
379	-0.641516837515
380	-0.572796313209
381	-0.605745018743
382	-0.687270053987
383	-0.6860395458
384	-0.629226380389
385	-0.653859686479
386	-0.736171933656
387	-0.654286310159
388	-0.598944494375
389	-0.659034404505
390	-0.712261440741
391	-0.677183979903
392	-0.720167657497
393	-0.70944983413
394	-0.765383319379
395	-0.642616130557
396	-0.76681296236
397	-0.730467753946
398	-0.733870310422
399	-0.742591639665
400	-0.777329206913
401	-0.779904407895
402	-0.701042216497
403	-0.766649477041
404	-0.840728289796
405	-0.894451814078
406	-0.876188767142
407	-0.740473673042
408	-0.768513048418
409	-0.837421147763
410	-0.776113272032
411	-0.836554498706
412	-0.770026570499
413	-0.763953714395
414	-0.816017995248
415	-0.922224707824
416	-0.89489470797
417	-0.918298968172
418	-0.91368265733
419	-0.952307162962
420	-0.813818618857
421	-0.816285826431
422	-0.938474587175
423	-0.9336454172
424	-0.896346576003
425	-0.938639945511
426	-1.00042818941
427	-0.988614856227
428	-0.881866244124
429	-0.94579376272
430	-0.909752907137
431	-0.923137406598
432	-0.87166399851
433	-0.932527294245
434	-0.939718671555
435	-1.00350465839
436	-0.903570516365
437	-0.910348669857
438	-0.903754832701
439	-0.972166975579
440	-0.941926424617
441	-0.846411430702
442	-0.999956106452
443	-0.971953989549
444	-0.921996499122
445	-0.878345196415
446	-0.924682734656
447	-0.903252258056
448	-0.895357393798
449	-0.878833784863
450	-0.955737494556
451	-1.00615454319
452	-0.937831354943
453	-0.951888646218
454	-0.927430009818
455	-0.961093964384
456	-0.996600152739
457	-1.00057456456
458	-0.971565359981
459	-1.02321020344
460	-0.976511906084
461	-0.988701143685
462	-1.01509035016
463	-1.0114005007
464	-1.01326086914
465	-0.975930446576
466	-0.95775175483
467	-0.95039171738
468	-0.949945964148
469	-1.02517510774
470	-0.932537616154
471	-0.981197662977
472	-0.99957395369
473	-1.03986088951
474	-1.04478250421
475	-1.05955844819
476	-1.01379405622
477	-1.06641165635
478	-0.975620872289
479	-1.11085888145
480	-1.02639236558
481	-0.930209554098
482	-0.934962271872
483	-0.996901903262
484	-0.98716800275
485	-0.977895652123
486	-1.10005700602
487	-1.01282406275
488	-1.04695185351
489	-1.01463130847
490	-1.03890641884
491	-0.952962050008
492	-0.991436890764
493	-0.969069188013
494	-0.95298384449
495	-0.900907929422
496	-0.910649142278
497	-0.955395907586
498	-0.938777941655
499	-0.938240456928
500	-0.933860867914
501	-0.916390597156
502	-0.982462738353
503	-0.93448416381
504	-1.04364807129
505	-0.931435156694
506	-0.927277720989
507	-0.986307527752
508	-0.883890027783
509	-0.926023554581
510	-0.890037990743
511	-0.936685436679
512	-0.916640811148
513	-0.935331356702
514	-1.01895928373
515	-0.931998717544
516	-0.923746946886
517	-0.778337249128
518	-0.933517833422
519	-0.954557211452
520	-0.859309408712
521	-0.836355310439
522	-0.852029330358
523	-0.926841770142
524	-0.962759533393
525	-0.884052932155
526	-0.880785395762
527	-0.925046454148
528	-0.90079351829
529	-0.75579106651
530	-0.818016356404
531	-0.801205680224
532	-0.840729375739
533	-0.771451738385
534	-0.865910600618
535	-0.844827504382
536	-0.740462514544
537	-0.752985866955
538	-0.859886946812
539	-0.767264502432
540	-0.773820177427
541	-0.878099791634
542	-0.77761341434
543	-0.706915290183
544	-0.711575253035
545	-0.669865566428
546	-0.736097463044
547	-0.688820679664
548	-0.692594552899
549	-0.718296709328
550	-0.68816689939
551	-0.757487449996
552	-0.730292699502
553	-0.651604361682
554	-0.708473747922
555	-0.725235930369
556	-0.585114278907
557	-0.594836666849
558	-0.597548367303
559	-0.631228748962
560	-0.678707959844
561	-0.523534096397
562	-0.593032926763
563	-0.59727310541
564	-0.589298637007
565	-0.583354722527
566	-0.489418863609
567	-0.663801657981
568	-0.579881983165
569	-0.579455552214
570	-0.651455168979
571	-0.56344165726
572	-0.493204419914
573	-0.626169209932
574	-0.574473340547
575	-0.451476808251
576	-0.504275950774
577	-0.486496889879
578	-0.428006012618
579	-0.402378326519
580	-0.468930268094
581	-0.437484701057
582	-0.540933382799
583	-0.49244969544
584	-0.418333979001
585	-0.46408550602
586	-0.353775254797
587	-0.378733426862
588	-0.376364539322
589	-0.449862897543
590	-0.327678576487
591	-0.355018165509
592	-0.374537905653
593	-0.340642763073
594	-0.338363915854
595	-0.287583204532
596	-0.299899333832
597	-0.23781260616
598	-0.19321524405
599	-0.287696793884
600	-0.266772450848
601	-0.213651901364
602	-0.305438863362
603	-0.255096086331
604	-0.265405100848
605	-0.188686172368
606	-0.303958109361
607	-0.300293158816
608	-0.282511622853
609	-0.159626438672
610	-0.130439086652
611	-0.17965890406
612	-0.239069913225
613	-0.138639912274
614	-0.071617976164
615	-0.130564721303
616	-0.0639305477755
617	-0.113169342964
618	-0.0988228427723
619	-0.0713669550939
620	-0.0717401593923
621	-0.0893425556527
622	-0.00537249652746
623	-0.050706906445
624	-0.00122822540265
625	-0.112527279599
626	-0.117977686508
627	-0.113008644408
628	0.0517098126405
629	-0.0213681872732
630	0.0235928727396
631	-0.0305076044415
632	0.0609549740226
633	0.0660982594361
634	0.0312195909034
635	0.150418069032
636	0.0194715326602
637	0.186444356007
638	0.0838372216028
639	0.201535505873
640	0.0319097342147
641	0.0700520104789
642	0.0752688232295
643	0.195108679981
644	0.21638979759
645	0.149326222782
646	0.183736284596
647	0.193730718103
648	0.197946817695
649	0.158317720537
650	0.223528628209
651	0.242609044188
652	0.236250708824
653	0.264768135844
654	0.307429458214
655	0.256949012821
656	0.242147824973
657	0.331360766155
658	0.275258797643
659	0.316428114061
660	0.248387627209
661	0.332375656806
662	0.296346453308
663	0.304988233281
664	0.36320643045
665	0.295122034642
666	0.336407766363
667	0.367090051645
668	0.42903302739
669	0.463308275295
670	0.43169917433
671	0.326665127519
672	0.42586332888
673	0.470359457787
674	0.378600127897
675	0.491038174824
676	0.426749945223
677	0.443439717301
678	0.312576748967
679	0.530394972302
680	0.465985977488
681	0.528084000682
682	0.460192765645
683	0.674717432039
684	0.466319001651
685	0.636404588861
686	0.644526464197
687	0.445903456019
688	0.604913379753
689	0.537861977151
690	0.615030057443
691	0.553971404534
692	0.624270092681
693	0.529193517718
694	0.557801888741
695	0.623214323715
696	0.616003294012
697	0.69396230701
698	0.728842482263
699	0.695896133852
700	0.663785260436
701	0.547500805973
702	0.724162540228
703	0.659718468226
704	0.62939621552
705	0.731964297906
706	0.691218322415
707	0.639702829473
708	0.749989596056
709	0.665938579081
710	0.80068188074
711	0.735222984934
712	0.645502416278
713	0.726159848851
714	0.744365747537
715	0.807582737195
716	0.787999518983
717	0.817380497013
718	0.787330660349
719	0.754558476979
720	0.783207920455
721	0.800998210468
722	0.79071508742
723	0.834480498085
724	0.830714077078
725	0.868766411339
726	0.752845776482
727	0.880150882464
728	0.853253433653
729	0.85596909393
730	0.889339781786
731	0.835764869203
732	0.800576333327
733	0.871103804433
734	0.874939214336
735	0.822397395697
736	0.86471075872
737	0.846625062399
738	0.821692281991
739	0.853288166663
740	0.86158967415
741	0.863455389127
742	0.970821032514
743	0.902725979742
744	0.948225909692
745	0.86897622715
746	0.968884998657
747	0.90440678415
748	0.964480843374
749	0.97360353667
750	0.938504199729
751	1.04014632283
752	0.949128584604
753	0.93155032277
754	0.920804982859
755	0.933848781261
756	0.916461064954
757	1.02532342671
758	1.02206165393
759	0.902008364496
760	1.08050564853
761	1.00374833893
762	0.929071964365
763	0.952803134929
764	1.00821581041
765	0.942824516977
766	0.984598408401
767	1.00075095052
768	0.938093749273
769	1.00236716476
770	0.911145070755
771	1.02031371298
772	1.0501743042
773	0.991042053003
774	1.06813977223
775	0.938827829327
776	0.977281002575
777	0.956715609497
778	1.00387834124
779	0.956947461066
780	0.911618094401
781	1.07520943599
782	1.01683529028
783	1.03968117094
784	0.894583419544
785	0.977026114401
786	0.952409305061
787	0.960660977434
788	0.910256795894
789	1.03351982193
790	1.02146240013
791	1.01139496845
792	1.10168657497
793	0.933152324278
794	0.908464280057
795	1.02455341308
796	0.984912984383
797	0.972839635269
798	1.0157207966
799	1.09329838445
800	1.05834788986
801	0.961681411301
802	0.932965403677
803	0.913744086997
804	1.0158243788
805	1.0013772993
806	0.890383763767
807	1.00706108779
808	1.00256476334
809	1.05680856077
810	0.93856046987
811	1.01804760565
812	1.06639392699
813	0.916235103696
814	1.02872313726
815	0.883872747375
816	1.0727621069
817	0.908135964644
818	1.02765986739
819	0.928667852319
820	0.962933216635
821	0.864965917425
822	0.947025864742
823	0.873635469012
824	0.87224259877
825	0.94167177524
826	0.891076432135
827	0.977973276604
828	0.967479983476
829	0.929216756777
830	0.923757367589
831	0.766695421847
832	0.959175800946
833	0.855057161069
834	0.840684344349
835	0.876825421236
836	0.93899579965
837	0.906474731166
838	0.773377319692
839	0.840852253415
840	0.731441866527
841	0.862114097742
842	0.831640224348
843	0.822081232168
844	0.881376233306
845	0.821490534089
846	0.875694465299
847	0.836046548163
848	0.773699982206
849	0.922649140933
850	0.806805539371
851	0.804417143396
852	0.877840754814
853	0.823466420382
854	0.832555490602
855	0.774946437801
856	0.809950488591
857	0.736706577503
858	0.709045562917
859	0.72816425349
860	0.646890004832
861	0.683622292194
862	0.814085030609
863	0.71240907614
864	0.665686178738
865	0.585359509377
866	0.714526287104
867	0.72030925006
868	0.832487515725
869	0.613475189902
870	0.658388429546
871	0.661044081479
872	0.583386108983
873	0.615129896598
874	0.549188857663
875	0.653012732706
876	0.585843832033
877	0.579357742077
878	0.599901420737
879	0.608571604782
880	0.646132924406
881	0.640683650314
882	0.568591968434
883	0.622643771827
884	0.510181544741
885	0.571618787643
886	0.575615900155
887	0.49170122534
888	0.570523290206
889	0.505788333597
890	0.402299454739
891	0.447795112037
892	0.576046084759
893	0.286474530099
894	0.422749704469
895	0.492868647786
896	0.521140108658
897	0.392911516724
898	0.547470426969
899	0.387949005976
900	0.452181204821
901	0.416343708187
902	0.380100359009
903	0.488046111092
904	0.264394620764
905	0.355791937921
906	0.312088351345
907	0.389708239056
908	0.462195758651
909	0.310529603456
910	0.352993448928
911	0.311935108897
912	0.283223834126
913	0.26160253266
914	0.269498960141
915	0.272660238967
916	0.215958755859
917	0.277510435055
918	0.284154699756
919	0.305580680474
920	0.251907101326
921	0.163933221481
922	0.222561642524
923	0.161238867379
924	0.23316474986
925	0.134563851435
926	0.0852056930555
927	0.130872551691
928	0.201650076507
929	0.180789355144
930	0.184144823631
931	0.113797275251
932	0.110830850809
933	0.0954506858727
934	0.127160493849
935	0.164838216684
936	0.0728455422649
937	0.0153161434702
938	0.0375408639592
939	0.0224469444033
940	0.0850239264863
941	0.0451784067338
942	0.0369822433608
943	0.0160546409874
944	-0.0270270350585
945	-0.0550723641717
946	0.020470191721
947	-0.100660667476
948	-0.0685610478628
949	-0.0705274243017
950	-0.0266391176898
951	-0.069231777792
952	-0.0641974742943
953	-0.109785429079
954	-0.120220900726
955	-0.137073248856
956	-0.0478139194903
957	-0.173234112873
958	-0.134481769666
959	-0.222976548466
960	-0.222963114872
961	-0.199939690517
962	-0.136182969394
963	-0.134734899127
964	-0.252130736129
965	-0.237642681947
966	-0.206247731446
967	-0.34907743877
968	-0.27228270153
969	-0.222467209098
970	-0.285790686151
971	-0.204209558439
972	-0.265369703492
973	-0.256262587149
974	-0.295790202636
975	-0.258695320206
976	-0.302806480284
977	-0.373027452479
978	-0.317125930691
979	-0.246427376863
980	-0.301517930951
981	-0.395659332004
982	-0.371322959488
983	-0.438665299003
984	-0.420248987736
985	-0.373233421687
986	-0.436419387414
987	-0.397354044106
988	-0.424085896097
989	-0.456811399774
990	-0.401716352471
991	-0.50204623862
992	-0.46722279672
993	-0.479301281612
994	-0.514439834665
995	-0.516358027427
996	-0.526687275467
997	-0.531159356787
998	-0.604699991601
999	-0.558061558762
